000111111111111113
001111111111111113
001111111111111113
011111111111111113
111111111111111113
111111111111111113
111111111110000000
111111111000000000
111111111000000000
111111111000000000
111111111000000000
111111111000000000
111111111000000000
011111111000000000
011111111000000000
011111111000000000
011111111000000000
011111111000000000
011111111000000000
011111111000000000
011111111000000000
011111111000000000
001111111000000000
001111111000000000
001111111000000000
001111111000000000
001111111000000000
001111111000000000
001111111000000000
000111111000000000
000111111000000000
000222222000000000








































































































































































